Sequense 1
Struct {
Struct frontSurface {
XYZ double 3 64 0.00000 0.19914 0.39629 0.58951 0.77687 0.95651 1.12664 1.28558 1.43173 1.56366 1.68005 1.77974 1.86175 1.92525 1.96962 1.99441 1.99938 1.98448 1.94986 1.89585 1.82301 1.73205 1.62388 1.49956 1.36035 1.20761 1.04287 0.86777 0.68404 0.49351 0.29808 0.09969 -0.09969 -0.29808 -0.49351 -0.68404 -0.86777 -1.04287 -1.20761 -1.36035 -1.49956 -1.62388 -1.73205 -1.82301 -1.89585 -1.94986 -1.98448 -1.99938 -1.99441 -1.96962 -1.92525 -1.86175 -1.77974 -1.68005 -1.56366 -1.43173 -1.28558 -1.12664 -0.95651 -0.77687 -0.58951 -0.39629 -0.19914 -0.00000 2.00000 1.99006 1.96034 1.91115 1.84295 1.75644 1.65248 1.53209 1.39647 1.24698 1.08509 0.91242 0.73068 0.54168 0.34730 0.14946 -0.04986 -0.24869 -0.44504 -0.63697 -0.82257 -1.00000 -1.16749 -1.32337 -1.46610 -1.59427 -1.70658 -1.80194 -1.87939 -1.93815 -1.97766 -1.99751 -1.99751 -1.97766 -1.93815 -1.87939 -1.80194 -1.70658 -1.59427 -1.46610 -1.32337 -1.16749 -1.00000 -0.82257 -0.63697 -0.44504 -0.24869 -0.04986 0.14946 0.34730 0.54168 0.73068 0.91242 1.08509 1.24698 1.39647 1.53209 1.65248 1.75644 1.84295 1.91115 1.96034 1.99006 2.00000 0.00000 0.00000 0.00000 0.00000 0.00000 0.00000 0.00000 0.00000 0.00000 0.00000 0.00000 0.00000 0.00000 0.00000 0.00000 0.00000 0.00000 0.00000 0.00000 0.00000 0.00000 0.00000 0.00000 0.00000 0.00000 0.00000 0.00000 0.00000 0.00000 0.00000 0.00000 0.00000 0.00000 0.00000 0.00000 0.00000 0.00000 0.00000 0.00000 0.00000 0.00000 0.00000 0.00000 0.00000 0.00000 0.00000 0.00000 0.00000 0.00000 0.00000 0.00000 0.00000 0.00000 0.00000 0.00000 0.00000 0.00000 0.00000 0.00000 0.00000 0.00000 0.00000 0.00000 0.00000
ABCD double 1 4 0.00000 0.00000 1.00000 0.00000
angles double 1 3 0.00000 0.00000 0.00000
position double 1 3 0.00000 0.00000 0.00000
apertureType double 1 1 2.00000
apertureData double 1 2 0.00000 2.00000

invTBN double 3 3 1.00000 0.00000 0.00000 0.00000 1.00000 0.00000 0.00000 0.00000 1.00000
TBN double 3 3 1.00000 0.00000 0.00000 0.00000 1.00000 0.00000 0.00000 0.00000 1.00000

extraDataType char sphere
Struct extraData {
surfaceMesh double 3 130 0.00000 0.00000 0.00000 -0.00000 0.00000 0.00000 0.00000 0.00000 0.00000 0.00000 0.00000 0.00000 -0.03560 -0.32566 -0.60258 -0.86332 -1.10480 -1.32400 -1.51784 -1.68328 -1.81726 -1.91674 -1.97868 -2.00000 -2.00000 -1.81818 -1.63636 -1.45454 -1.27272 -1.09090 -0.90910 -0.72728 -0.54546 -0.36364 -0.18182 0.00000 0.13373 0.17731 0.13974 0.03005 -0.14275 -0.36964 -0.64162 -0.94966 -1.28474 -1.63786 -2.00000 -2.00000 -1.97868 -1.91674 -1.81726 -1.68328 -1.51784 -1.32400 -1.10480 -0.86332 -0.60258 -0.32566 -0.03560 0.00000 0.00000 0.00000 -0.00000 0.00000 0.00000 0.00000 0.00000 0.00000 0.00000 0.00000 0.00000 0.00000 0.00000 0.00000 0.00000 0.00000 0.00000 0.00000 0.00000 0.00000 0.00000 0.00000 0.03560 0.32566 0.60258 0.86332 1.10480 1.32400 1.51784 1.68328 1.81726 1.91674 1.97868 2.00000 2.00000 1.81818 1.63636 1.45454 1.27272 1.09090 0.90910 0.72728 0.54546 0.36364 0.18182 0.00000 -0.13373 -0.17731 -0.13974 -0.03005 0.14275 0.36964 0.64162 0.94966 1.28474 1.63786 2.00000 2.00000 1.97868 1.91674 1.81726 1.68328 1.51784 1.32400 1.10480 0.86332 0.60258 0.32566 0.03560 0.01576 0.00002 0.18184 0.36366 0.54546 0.72728 0.90910 1.09092 1.27274 1.45456 1.63636 1.81818 2.00000 2.00000 1.97868 1.91674 1.81726 1.68328 1.51784 1.32400 1.10480 0.86332 0.60258 0.32566 0.03560 0.00000 0.00000 0.00000 0.00001 0.00001 0.00001 0.00001 0.00001 0.00001 0.00002 0.00002 0.00002 0.00002 0.00002 0.00002 0.00002 0.00002 0.00002 0.00001 0.00001 0.00001 0.00000 0.00000 -0.03560 -0.32566 -0.60258 -0.86332 -1.10480 -1.32400 -1.51784 -1.68328 -1.81726 -1.91674 -1.97868 -2.00000 -2.00000 -1.81818 -1.63636 -1.45454 -1.27272 -1.09090 -0.90908 -0.72726 -0.54544 -0.36362 -0.18180 0.00002 0.13375 0.17733 0.13977 0.03007 -0.14273 -0.36964 -0.64160 -0.94966 -1.28474 -1.63786 -2.00000 -2.00000 -1.97868 -1.91674 -1.81726 -1.68328 -1.51784 -1.32400 -1.10480 -0.86332 -0.60258 -0.32566 -0.03560 -0.00004 -0.00003 -0.00003 -0.00002 -0.00002 -0.00001 -0.00001 -0.00000 0.00000 0.00001 0.00001 0.00002 0.00002 0.00003 0.00003 0.00003 0.00004 0.00004 0.00004 0.00004 0.00004 0.00004 0.00004 0.03560 0.32566 0.60258 0.86332 1.10480 1.32400 1.51784 1.68328 1.81726 1.91674 1.97868 2.00000 2.00000 0.00000 0.00110 0.00441 0.00992 0.01764 0.02757 0.03972 0.05409 0.07069 0.08952 0.11060 0.13393 0.13397 0.13465 0.13518 0.13554 0.13575 0.13584 0.13584 0.13575 0.13554 0.13518 0.13465 0.13397 0.13393 0.11060 0.08952 0.07069 0.05409 0.03972 0.02757 0.01764 0.00992 0.00441 0.00110 0.00000 0.00060 0.00105 0.00065 0.00003 0.00068 0.00456 0.01373 0.03009 0.05512 0.08969 0.13393 0.13397 0.13465 0.13518 0.13554 0.13575 0.13584 0.13584 0.13575 0.13554 0.13518 0.13465 0.13397 0.13393 0.11060 0.08952 0.07069 0.05409 0.03972 0.02757 0.01764 0.00992 0.00441 0.00110 0.00000 0.00060 0.00105 0.00065 0.00003 0.00068 0.00456 0.01373 0.03009 0.05512 0.08969 0.13393 0.13397 0.13465 0.13518 0.13554 0.13575 0.13584 0.13584 0.13575 0.13554 0.13518 0.13465 0.13397 0.13393 0.11060 0.08952 0.07069 0.05409 0.03972 0.02757 0.01764 0.00992 0.00441 0.00110 0.00000 0.00060 0.00105 0.00065 0.00003 0.00068 0.00456 0.01373 0.03009 0.05512 0.08969 0.13393 0.13397 0.13465 0.13518 0.13554 0.13575 0.13584 0.13584 0.13575 0.13554 0.13518 0.13465 0.13397 0.13394
R double 1 1 15.00000
A double 1 1 15.00000
B double 1 1 15.00000
C double 1 1 15.00000
refractionIndex double 1 1 1.00000
surfaceMatrix double 4 4 0.00444 0.00000 0.00000 0.00000 0.00000 0.00444 0.00000 0.00000 0.00000 0.00000 0.00444 0.00000 0.00000 0.00000 0.00000 -1.00000
}
rotationMatrix double 4 4 1.00000 0.00000 0.00000 0.00000 0.00000 1.00000 0.00000 0.00000 0.00000 0.00000 1.00000 0.00000 0.00000 0.00000 0.00000 1.00000
type char surface
}
Struct backSurface {
XYZ double 3 64 0.00000 0.19914 0.39629 0.58951 0.77687 0.95651 1.12664 1.28558 1.43173 1.56366 1.68005 1.77974 1.86175 1.92525 1.96962 1.99441 1.99938 1.98448 1.94986 1.89585 1.82301 1.73205 1.62388 1.49956 1.36035 1.20761 1.04287 0.86777 0.68404 0.49351 0.29808 0.09969 -0.09969 -0.29808 -0.49351 -0.68404 -0.86777 -1.04287 -1.20761 -1.36035 -1.49956 -1.62388 -1.73205 -1.82301 -1.89585 -1.94986 -1.98448 -1.99938 -1.99441 -1.96962 -1.92525 -1.86175 -1.77974 -1.68005 -1.56366 -1.43173 -1.28558 -1.12664 -0.95651 -0.77687 -0.58951 -0.39629 -0.19914 -0.00000 2.00000 1.99006 1.96034 1.91115 1.84295 1.75644 1.65248 1.53209 1.39647 1.24698 1.08509 0.91242 0.73068 0.54168 0.34730 0.14946 -0.04986 -0.24869 -0.44504 -0.63697 -0.82257 -1.00000 -1.16749 -1.32337 -1.46610 -1.59427 -1.70658 -1.80194 -1.87939 -1.93815 -1.97766 -1.99751 -1.99751 -1.97766 -1.93815 -1.87939 -1.80194 -1.70658 -1.59427 -1.46610 -1.32337 -1.16749 -1.00000 -0.82257 -0.63697 -0.44504 -0.24869 -0.04986 0.14946 0.34730 0.54168 0.73068 0.91242 1.08509 1.24698 1.39647 1.53209 1.65248 1.75644 1.84295 1.91115 1.96034 1.99006 2.00000 0.00000 0.00000 0.00000 0.00000 0.00000 0.00000 0.00000 0.00000 0.00000 0.00000 0.00000 0.00000 0.00000 0.00000 0.00000 0.00000 0.00000 0.00000 0.00000 0.00000 0.00000 0.00000 0.00000 0.00000 0.00000 0.00000 0.00000 0.00000 0.00000 0.00000 0.00000 0.00000 0.00000 0.00000 0.00000 0.00000 0.00000 0.00000 0.00000 0.00000 0.00000 0.00000 0.00000 0.00000 0.00000 0.00000 0.00000 0.00000 0.00000 0.00000 0.00000 0.00000 0.00000 0.00000 0.00000 0.00000 0.00000 0.00000 0.00000 0.00000 0.00000 0.00000 0.00000 0.00000
ABCD double 1 4 0.00000 0.00000 1.00000 0.00000
angles double 1 3 0.00000 0.00000 0.00000
position double 1 3 0.00000 0.00000 0.00000
apertureType double 1 1 2.00000
apertureData double 1 2 0.00000 2.00000

invTBN double 3 3 1.00000 0.00000 0.00000 0.00000 1.00000 0.00000 0.00000 0.00000 1.00000
TBN double 3 3 1.00000 0.00000 0.00000 0.00000 1.00000 0.00000 0.00000 0.00000 1.00000

extraDataType char sphere
Struct extraData {
surfaceMesh double 3 130 0.00000 0.00000 0.00000 -0.00000 0.00000 0.00000 0.00000 0.00000 0.00000 0.00000 0.00000 0.00000 -0.03560 -0.32566 -0.60258 -0.86332 -1.10480 -1.32400 -1.51784 -1.68328 -1.81726 -1.91674 -1.97868 -2.00000 -2.00000 -1.81818 -1.63636 -1.45454 -1.27272 -1.09090 -0.90910 -0.72728 -0.54546 -0.36364 -0.18182 0.00000 0.13373 0.17731 0.13974 0.03005 -0.14275 -0.36964 -0.64162 -0.94966 -1.28474 -1.63786 -2.00000 -2.00000 -1.97868 -1.91674 -1.81726 -1.68328 -1.51784 -1.32400 -1.10480 -0.86332 -0.60258 -0.32566 -0.03560 0.00000 0.00000 0.00000 -0.00000 0.00000 0.00000 0.00000 0.00000 0.00000 0.00000 0.00000 0.00000 0.00000 0.00000 0.00000 0.00000 0.00000 0.00000 0.00000 0.00000 0.00000 0.00000 0.00000 0.03560 0.32566 0.60258 0.86332 1.10480 1.32400 1.51784 1.68328 1.81726 1.91674 1.97868 2.00000 2.00000 1.81818 1.63636 1.45454 1.27272 1.09090 0.90910 0.72728 0.54546 0.36364 0.18182 0.00000 -0.13373 -0.17731 -0.13974 -0.03005 0.14275 0.36964 0.64162 0.94966 1.28474 1.63786 2.00000 2.00000 1.97868 1.91674 1.81726 1.68328 1.51784 1.32400 1.10480 0.86332 0.60258 0.32566 0.03560 0.01576 0.00002 0.18184 0.36366 0.54546 0.72728 0.90910 1.09092 1.27274 1.45456 1.63636 1.81818 2.00000 2.00000 1.97868 1.91674 1.81726 1.68328 1.51784 1.32400 1.10480 0.86332 0.60258 0.32566 0.03560 0.00000 0.00000 0.00000 0.00001 0.00001 0.00001 0.00001 0.00001 0.00001 0.00002 0.00002 0.00002 0.00002 0.00002 0.00002 0.00002 0.00002 0.00002 0.00001 0.00001 0.00001 0.00000 0.00000 -0.03560 -0.32566 -0.60258 -0.86332 -1.10480 -1.32400 -1.51784 -1.68328 -1.81726 -1.91674 -1.97868 -2.00000 -2.00000 -1.81818 -1.63636 -1.45454 -1.27272 -1.09090 -0.90908 -0.72726 -0.54544 -0.36362 -0.18180 0.00002 0.13375 0.17733 0.13977 0.03007 -0.14273 -0.36964 -0.64160 -0.94966 -1.28474 -1.63786 -2.00000 -2.00000 -1.97868 -1.91674 -1.81726 -1.68328 -1.51784 -1.32400 -1.10480 -0.86332 -0.60258 -0.32566 -0.03560 -0.00004 -0.00003 -0.00003 -0.00002 -0.00002 -0.00001 -0.00001 -0.00000 0.00000 0.00001 0.00001 0.00002 0.00002 0.00003 0.00003 0.00003 0.00004 0.00004 0.00004 0.00004 0.00004 0.00004 0.00004 0.03560 0.32566 0.60258 0.86332 1.10480 1.32400 1.51784 1.68328 1.81726 1.91674 1.97868 2.00000 2.00000 -0.00000 -0.00110 -0.00441 -0.00992 -0.01764 -0.02757 -0.03972 -0.05409 -0.07069 -0.08952 -0.11060 -0.13393 -0.13397 -0.13465 -0.13518 -0.13554 -0.13575 -0.13584 -0.13584 -0.13575 -0.13554 -0.13518 -0.13465 -0.13397 -0.13393 -0.11060 -0.08952 -0.07069 -0.05409 -0.03972 -0.02757 -0.01764 -0.00992 -0.00441 -0.00110 -0.00000 -0.00060 -0.00105 -0.00065 -0.00003 -0.00068 -0.00456 -0.01373 -0.03009 -0.05512 -0.08969 -0.13393 -0.13397 -0.13465 -0.13518 -0.13554 -0.13575 -0.13584 -0.13584 -0.13575 -0.13554 -0.13518 -0.13465 -0.13397 -0.13393 -0.11060 -0.08952 -0.07069 -0.05409 -0.03972 -0.02757 -0.01764 -0.00992 -0.00441 -0.00110 -0.00000 -0.00060 -0.00105 -0.00065 -0.00003 -0.00068 -0.00456 -0.01373 -0.03009 -0.05512 -0.08969 -0.13393 -0.13397 -0.13465 -0.13518 -0.13554 -0.13575 -0.13584 -0.13584 -0.13575 -0.13554 -0.13518 -0.13465 -0.13397 -0.13393 -0.11060 -0.08952 -0.07069 -0.05409 -0.03972 -0.02757 -0.01764 -0.00992 -0.00441 -0.00110 -0.00000 -0.00060 -0.00105 -0.00065 -0.00003 -0.00068 -0.00456 -0.01373 -0.03009 -0.05512 -0.08969 -0.13393 -0.13397 -0.13465 -0.13518 -0.13554 -0.13575 -0.13584 -0.13584 -0.13575 -0.13554 -0.13518 -0.13465 -0.13397 -0.13394
R double 1 1 -15.00000
A double 1 1 -15.00000
B double 1 1 -15.00000
C double 1 1 -15.00000
refractionIndex double 1 1 1.00000
surfaceMatrix double 4 4 0.00444 0.00000 0.00000 0.00000 0.00000 0.00444 0.00000 0.00000 0.00000 0.00000 0.00444 0.00000 0.00000 0.00000 0.00000 -1.00000
}
rotationMatrix double 4 4 1.00000 0.00000 0.00000 0.00000 0.00000 1.00000 0.00000 0.00000 0.00000 0.00000 1.00000 0.00000 0.00000 0.00000 0.00000 1.00000
type char surface
}
tickness double 1 1 2.00000
apertureData double 1 1 2.00000
apertureType double 1 1 2.00000
Struct material {
Desciption char silica
refractionIndexData double 1 6 0.69617 0.06840 0.40794 0.11624 0.89748 9.89616
}

type char lens
}
