0,9.7667e-06,0
0,0.090918,0
0,0.18183,0
-3.3333e-08,0.27273,0
0,0.36364,0
0,0.45455,0
-0,0.54546,0
0,0.63637,0
-0,0.72728,0
0,0.81818,0
-0,0.90909,0
0,1,0
-0.017801,1,0
-0.16283,0.98934,0
-0.30129,0.95837,0
-0.43166,0.90863,0
-0.5524,0.84164,0
-0.662,0.75892,0
-0.75892,0.662,0
-0.84164,0.5524,0
-0.90863,0.43166,0
-0.95837,0.30129,0
-0.98934,0.16283,0
-1,0.0178,0
-1,0,0
-0.90909,9e-07,0
-0.81818,1.7667e-06,0
-0.72727,2.6667e-06,0
-0.63636,3.5667e-06,0
-0.54545,4.4333e-06,0
-0.45455,5.3333e-06,0
-0.36364,6.2333e-06,0
-0.27273,7.1e-06,0
-0.18182,8e-06,0
-0.090909,8.9e-06,0
0,9.7667e-06,0
0.066867,1.0433e-05,0
0.088655,1.0633e-05,0
0.069872,1.0467e-05,0
0.015026,9.9333e-06,0
-0.071375,9.0667e-06,0
-0.18482,7.9667e-06,0
-0.32081,6.6333e-06,0
-0.47483,5.1333e-06,0
-0.64237,3.5e-06,0
-0.81893,1.7667e-06,0
-1,0,0
-1,-0.017801,0
-0.98934,-0.16283,0
-0.95837,-0.30129,0
-0.90863,-0.43166,0
-0.84164,-0.5524,0
-0.75892,-0.662,0
-0.662,-0.75892,0
-0.5524,-0.84164,0
-0.43166,-0.90863,0
-0.30129,-0.95837,0
-0.16283,-0.98934,0
-0.0178,-1,0
0,-1,0
0,-0.90909,0
0,-0.81818,0
-3.3333e-08,-0.72727,0
0,-0.63636,0
0,-0.54545,0
-0,-0.45454,0
0,-0.36363,0
-0,-0.27272,0
0,-0.18181,0
-0,-0.0909,0
0,9.7667e-06,0
0,0.066877,0
0,0.088666,0
-0,0.069883,0
0,0.015036,0
0,-0.071366,0
0,-0.18482,0
0,-0.3208,0
0,-0.47483,0
0,-0.64237,0
0,-0.81893,0
0,-1,0
0.017801,-1,0
0.16283,-0.98934,0
0.30129,-0.95837,0
0.43166,-0.90863,0
0.5524,-0.84164,0
0.662,-0.75892,0
0.75892,-0.662,0
0.84164,-0.5524,0
0.90863,-0.43166,0
0.95837,-0.30129,0
0.98934,-0.16283,0
1,-0.0178,0
1,-1.9567e-05,0
0.90909,-1.69e-05,0
0.81818,-1.4233e-05,0
0.72727,-1.1567e-05,0
0.63636,-8.9e-06,0
0.54545,-6.2333e-06,0
0.45455,-3.5667e-06,0
0.36364,-9e-07,0
0.27273,1.7667e-06,0
0.18182,4.4333e-06,0
0.090909,7.1e-06,0
0,9.7667e-06,0
-0.066867,1.22e-05,0
-0.088655,1.42e-05,0
-0.069872,1.58e-05,0
-0.015026,1.7033e-05,0
0.071375,1.7967e-05,0
0.18482,1.8633e-05,0
0.32081,1.91e-05,0
0.47483,1.9367e-05,0
0.64237,1.95e-05,0
0.81893,1.9533e-05,0
1,1.9567e-05,0
1,0.017801,0
0.98934,0.16283,0
0.95837,0.30129,0
0.90863,0.43166,0
0.84164,0.5524,0
0.75892,0.662,0
0.662,0.75892,0
0.5524,0.84164,0
0.43166,0.90863,0
0.30129,0.95837,0
0.16283,0.98934,0
0.017801,1,0
0.0078802,1,0
